794
-797
-600
95
93
-318
-221
-85
-457
-771
290
887
-4
-596
-203
165
-898
-996
-747
954
-828
729
81
357
446
-445
-414
-945
-81
-480
-231
143
-819
371
-343
-435
680
-952
-4
-227
600
-532
-31
43
527
42
-750
-216
91
-70
-691
812
-509
-800
311
172
381
-849
982
-531
476
440
-704
-219
-115
816
-355
143
531
-164
534
-96
-108
-662
998
-803
-796
821
-707
349
-661
-484
290
-82
-503
296
357
-256
943
-586
-551
418
-91
777
-325
-205
-338
-289
-464
499
-922
-553
385
-245
-741
-493
-953
-501
-989
727
-354
635
-538
-881
-936
-403
-584
282
-651
-638
955
-173
-7
332
-128
-487
-608
673
-524
-155
403
-642
587
-985
573
459
-1000
14
-549
-341
-734
995
555
-902
28
-787
656
-279
307
170
-305
-505
-303
732
-486
-807
-152
-618
951
-665
-995
-878
-785
-753
911
-576
-613
-678
-620
-990
-569
-564
624
95
536
376
-680
-115
-517
976
-687
-788
75
291
-593
342
-436
-210
-837
100
130
883
388
68
840
1
-15
301
-101
585
-383
20
864
393
825
747
380
-722
835
-908
362
342
-84
-97
192
828
543
-12
-912
216
474
-873
232
593
-276
823
-958
758
585
507
443
916
-355
180
-230
404
947
-346
651
-196
-978
-90
510
-389
-318
980
20
-886
-734
-634
934
-129
-727
-82
335
-322
72
-108
240
-793
572
-848
-615
909
610
497
71
393
900
-981
938
624
-949
-222
789
-119
-987
-80
61
88
-550
41
-402
-796
146
-580
536
525
-796
-349
-503
-402
-362
86
-140
-907
-636
342
335
-162
-315
534
-900
842
-703
6
465
-703
652
-301
-911
367
-319
-55
-778
724
-495
-680
-40
-548
600
343
-229
232
-683
652
281
179
-26
-546
32
276
134
-120
-475
-757
-905
-484
-804
817
-581
526
151
-4
-995
-627
-401
991
-396
50
3
208
454
-925
-322
718
478
934
-171
-199
467
194
-224
-958
-330
989
119
-710
-1
607
42
698
226
360
65
-546
-319
-756
-333
373
31
-470
-165
972
-578
326
-529
-287
-428
-240
212
-976
82
-718
-418
-965
299
-976
565
875
-989
-318
212
254
320
-353
677
-604
-325
842
-732
-210
-39
427
-351
599
-886
188
-189
-563
-110
698
658
-401
264
565
-386
700
861
-602
65
819
607
-229
-437
854
535
-170
853
159
-334
-939
-612
969
-597
145
-841
-121
610
-880
-248
408
-443
809
-326
448
-573
-504
-66
41
535
-985
-149
-373
-286
-231
-152
-832
285
837
982
-991
796
176
411
689
-46
338
111
-474
-557
202
499
704
284
-104
-712
926
941
153
-750
114
-664
19
-827
-771
-273
-563
-277
-821
78
346
-519
143
665
-685
-376
-215
-704
-859
-487
-562
-386
128
-98
-548
619
8
-954
822
-117
-270
422
-466
613
-453
-192
-12
-1
-847
237
-85
503
-729
786
-818
835
234
708
400
698
443
-844
444
330
211
-35
-160
-807
-322
-722
598
801
-964
204
-31
-446
732
-198
445
840
913
-661
-34
-264
23
608
-316
-173
-950
245
475
-490
118
850
797
10
-620
-163
-396
980
440
-422
-851
