467
791
74
367
-263
-772
286
-876
619
-630
-255
-406
-571
743
-157
-701
-113
443
133
678
3
-160
178
-866
-101
452
-339
-428
-588
-28
-503
-890
448
-676
404
-747
-612
-762
-353
-13
-675
-48
637
819
880
543
-343
707
133
14
96
-311
971
-407
988
878
-943
659
-525
-114
779
994
257
-638
-383
11
-372
-74
540
-820
-573
-541
-130
530
-256
-966
452
955
-288
-579
357
-36
238
-28
-54
-649
464
822
-508
-354
868
945
-785
114
-492
-983
691
637
-687
365
-63
3
717
-550
954
696
977
193
217
945
540
-955
-73
375
498
-855
-988
-459
-241
705
678
178
