-659
593
110
-775
-573
802
191
880
899
676
418
948
-451
-827
531
-621
695
305
-386
588
-269
40
782
71
-917
900
347
-652
768
105
468
-847
-381
733
168
815
547
-566
971
39
-775
-142
791
-807
-15
-349
337
-442
-406
-741
750
-689
974
989
406
-212
-154
-956
392
-494
984
-88
-34
-321
899
-817
113
-937
-803
-714
-848
149
-454
-273
926
58
992
957
490
361
-215
-562
-958
519
-952
889
250
-211
15
200
170
160
-143
-73
-314
-398
-668
-930
-478
202
-359
-405
-955
466
446
-812
-3
-401
-941
-180
-700
118
-291
-285
-238
285
-840
147
51
896
-688
-600
-759
-410
433
431
677
435
-659
-221
130
-322
494
708
-493
-155
781
169
-817
320
562
839
89
756
-995
-14
-123
666
565
579
551
767
191
-533
558
828
113
-888
834
-248
-377
485
-630
-611
-43
-857
705
280
-162
389
281
245
693
791
-976
267
-109
-62
-717
-604
-56
642
-192
656
-155
-982
-928
-182
185
-167
-475
731
842
-611
832
-19
-346
60
-649
-477
715
-944
789
311
836
-909
514
243
245
-948
36
-267
329
664
726
-115
969
157
824
-744
-944
794
-729
146
397
947
574
-520
-743
492
701
-772
474
-60
