763
-943
620
-126
-246
-826
-133
-319
226
-429
-479
852
917
-796
-244
-26
212
568
-238
470
-717
370
501
699
-820
513
-39
807
-602
642
-199
-224
438
-204
-777
827
967
-836
-77
-86
871
571
222
-441
34
-387
-514
-143
-638
-846
-764
-297
-265
-670
-259
-286
-748
525
663
-680
-934
722
-380
398
953
449
-765
238
436
-191
61
842
756
-442
894
703
320
286
-443
861
252
-949
573
134
-529
726
-260
-667
-679
658
-276
274
837
-562
985
323
-389
687
458
-636
121
30
323
-694
323
-899
-902
260
-567
448
-904
-205
648
842
-253
956
339
-491
602
60
-860
166
-271
731
-131
128
-691
868
180
472
578
868
223
505
-517
401
476
-87
281
381
340
-148
-31
-277
16
791
159
-463
732
-841
-993
-418
-772
-941
-83
702
173
-273
907
844
589
-93
404
55
-675
-180
-178
248
-187
993
245
163
-679
-152
-458
732
-485
378
-743
-884
-415
-940
-397
-316
-503
256
-582
529
-934
771
-566
384
461
-920
327
-668
-981
-147
-412
-9
792
-516
-396
269
-31
158
688
-529
-766
299
-88
342
-853
356
-227
-363
20
-572
942
-500
878
-140
977
347
348
63
-603
-412
674
86
69
565
636
52
-64
308
-349
-204
-521
-693
-580
-766
-186
502
-255
863
-362
-262
99
-71
322
313
-448
-806
-871
915
962
608
244
-721
41
61
985
-374
-806
-960
863
527
-185
612
-974
-599
17
775
73
293
715
-611
54
842
-335
-906
510
765
-728
573
218
992
712
451
157
572
-888
460
327
159
-759
-760
666
583
454
-412
-357
704
-103
-734
618
-950
-527
646
149
-242
339
-525
-422
834
607
-138
844
44
933
-992
8
-492
-40
490
-407
-596
785
-572
-792
772
870
-994
-88
425
861
-501
33
-482
-484
179
-213
158
979
-696
-515
-864
-404
-245
807
-980
-111
-321
-211
-2
-801
495
-987
-375
458
828
243
29
914
-791
-78
-437
868
-518
486
-920
-653
826
799
-335
296
797
-991
-305
-872
549
946
203
773
-919
612
-333
-472
114
787
-660
-643
648
-127
-533
511
445
961
-625
-890
904
-736
-703
782
-203
-710
-304
-533
618
-420
-58
-599
-627
534
590
-296
276
-524
-294
648
589
-611
-368
-31
-224
859
533
-633
-510
-180
-627
636
-565
312
65
486
-870
