“арасов ќлег –оманович: 2 2 4 2 3 5  - 3,000000
—идоров »ван –оманович: 2 3 3 4 4 2 2 2 3 2  - 2,700000
ћатвеев јртем ќлегович: 5 3 2 5 2 2 5 5 2 2  - 3,300000
—мирных ћаксим —ергеевич: 3 5 3 2 4 4 2 5 3 2 3  - 3,272727
Ќовиков ћаксим »ванович: 4 2 4 2 4 2 5  - 3,285714
“арасов ќлег ¬€чеславович: 3 2 4 2  - 2,750000
јлексеев ћихаил ¬€чеславович: 4 2 4 5 2 3 4 3 2  - 3,222222
—мирных јртем јнатольевич: 2 5 5 2 4 3 5 3 4 2 5  - 3,636364
√аленко ћихаил ћаксимович: 4 5 5 4 5 5  - 4,666667
јлексеев ќлег ¬икторович: 4 2 2 4 4 4 2 3 2  - 3,000000
