215
422
-648
943
-475
-901
-607
368
513
79
401
-64
-230
7
28
-497
-892
-114
339
592
-492
-172
721
-59
-387
-606
878
-80
-235
348
-734
794
141
-406
509
-926
709
-857
196
206
836
883
-162
74
23
-33
855
847
-668
631
157
598
489
233
193
-230
-782
80
229
-611
306
-908
796
-643
-54
-902
535
742
-647
-398
618
105
967
20
-995
-664
198
-752
-313
504
88
831
-552
923
799
794
529
-737
546
951
223
-166
-808
-514
-937
390
48
-892
105
612
897
-396
-538
-660
-221
-193
136
-37
-970
-907
-263
-465
140
-614
197
-693
150
304
34
705
936
177
781
689
-444
816
900
-417
-201
755
-993
751
-673
359
278
-46
327
524
582
583
805
829
-543
-726
928
-839
-3
143
313
-104
249
-601
-848
-604
685
786
-659
-547
630
-90
982
-870
150
-129
-556
-582
105
517
590
-342
812
-520
-638
-378
790
-675
-428
-521
318
-783
860
35
211
429
-357
-49
90
-393
37
-395
-936
358
-444
541
-938
86
346
-81
-26
-882
233
-86
-340
86
-402
472
-828
-182
378
-373
-755
-535
-580
-973
447
397
40
-850
-738
-719
691
564
-483
698
-337
1000
631
654
689
-422
-841
375
-152
-300
583
-772
-787
714
33
-347
821
-154
977
-526
177
-991
-524
430
-856
-743
592
89
-341
-788
-968
-35
625
-16
620
-763
933
455
-321
424
-545
140
-104
-866
464
24
292
-993
-935
-906
331
224
-133
-792
814
-824
-305
753
578
205
-405
-988
903
473
439
-820
